0.49987653083133193,
 0.4999884228567336,
 0.49999649298091814,
 0.4999963923523045,
 0.4999922180559123,
 0.49999978447570953,
 0.49999744552471653,
 0.49998609867347693,
 0.49999996726361107,
 0.4999996854377179,
 0.4999937692412161,
 0.49957813236503307,
 0.4999955101008526,
 0.4999998362549503,
 0.49999924219574876,
 0.49999689397759217,
 0.49998108067145114,
 0.49999099041648337,
 0.49999191732553855,
 0.4999998001090206,
 0.4999861162890443,
 0.4999994306086805,
 0.4999865507062783,
 0.4999956123332111,
 0.49999954430581317,
 0.49999253349538586,
 0.49998214469024016,
 0.4999966710220139,
 0.4999942587747309,
 0.4999999503858085,
 0.4999983768245537,
 0.49999605503634015,
 0.4999897900666185,
 0.4999689550943448,
 0.4999999387077825,
 0.49999973025484457,
 0.4999994523098336,
 0.4999968424725921,
 0.4999856335307812,
 0.4999999390461875,
 0.49999664147426265,
 0.49999651913812587,
 0.499996101685828,
 0.4999960051517874,
 0.4999948759185669,
 0.49999757635992753,
 0.49999995251313756,
 0.49999995018115057,
 0.4999963836231616,
 0.4999996838531065,
 0.49999951130669407,
 0.49999584921639423,
 0.4999876391318984,
 0.49999924965272574,
 0.49999237544878194,
 0.4996608667963533,
 0.49999995063394553,
 0.4999890252627228,
 0.49999972946802124,
 0.49998102506938125,
 0.4999997887625278,
 0.4999956211154852,
 0.49999897256180825,
 0.49992800549524014,
 0.4999678241654044,
 0.4998223648016855,
 0.499995081996687,
 0.49999635367135237,
 0.4998009388139431,
 0.4999975451215784,
 0.4999939645591944,
 0.49999993921438485,
 0.49999232925996806,
 0.49999945489471975,
 0.49999723975812715,
 0.4999997896048422,
 0.49999677492757416,
 0.49999949646313746,
 0.49999630858017613,
 0.4999933949097684,
 0.49994247381487594,
 0.49999986281487063,
 0.4999922098914906,
 0.4999908876704368,
 0.49999950118969905,
 0.4999999385395792,
 0.49999948192993604,
 0.4999999360258427,
 0.4999807668512545,
 0.4999994800499367,
 0.49999983338175047,
 0.49999922514550904,
 0.4999730718546034,
 0.4999052345097136,
 0.49976958633694496,
 0.499997204030653,
 0.49998428175883325,
 0.4998085735326341,
 0.49999885918499876,
 0.49993351438274986,
 0.4999625891057862,
 0.49996997518379305,
 0.4999929920442513,
 0.4999845369682675,
 0.4999708529118902,
 0.49999941131299214,
 0.4999970253299322,
 0.499882686311412,
 0.49997592939667934,
 0.4999997706128528,
 0.49999243035592944,
 0.49995180730281585,
 0.4999981660170406,
 0.4999999757497753,
 0.49999994217769606,
 0.4999995925530913,
 0.49998886884733806,
 0.49999597644542065,
 0.4999956819602039,
 0.4999934873590977,
 0.4999584513880957,
 0.4999838814084439,
 0.49996506720459166,
 0.49999844834775214,
 0.49999115634359503,
 0.49993569502069496,
 0.49997510973333137,
 0.49999628936761287,
 0.49999977208863117,
 0.49999555592307143,
 0.49999240668792305,
 0.4999741478739851,
 0.4999989830608168,
 0.4999926347090606,
 0.4999886995277341,
 0.4999988504024232,
 0.4999953619221148,
 0.49998566614648304,
 0.4999995702493108,
 0.49999743104322364,
 0.49999528301846774,
 0.4999946029050983,
 0.49995492048681617,
 0.49999531463317537,
 0.499999929626091,
 0.49996838941623645,
 0.49996205565174584,
 0.4999922614509454,
 0.4999994338600375,
 0.49999183557706794,
 0.49999993860960856,
 0.49999993909732116,
 0.49999937758121,
 0.499998422285423,
 0.4999933393173347,
 0.49999851580780574,
 0.4994810024011354,
 0.4999972589183252,
 0.49999993885830657,
 0.4998510189780396,
 0.4999395718323595,
 0.4999993199855458,
 0.4999879773432118,
 0.4999897133243014,
 0.49999589418984886,
 0.4999997349609933,
 0.49999995015507587,
 0.49999183984447154,
 0.4997940253547937,
 0.49999445543183635,
 0.49999459021160675,
 0.49999500813506875,
 0.49999995128165553,
 0.49997200068175396,
 0.4999991990021084,
 0.49999428639372184,
 0.4999999496817358,
 0.4999693073101003,
 0.4999997792073409,
 0.4999999392563254,
 0.4999998537705545,
 0.49999950877362,
 0.4999997908155649,
 0.49999989384805044,
 0.4999777597989546,
 0.49999993940492415,
 0.4999975213681311,
 0.49999819475498875,
 0.49976413070900294,
 0.49999424044049595,
 0.499999928729157,
 0.49999493887866975,
 0.49999790572959885,
 0.4999315188124601,
 0.4999655253977285,
 0.4999949329596539,
 0.4999989535562742,
 0.49999647848748924,
 0.4999976029983938,
 0.49998718365148753,
 0.4999994965345921,
 0.49999950450157027,
 0.49999312054165646,
 0.49999771447949576,
 0.4999994488891739,
 0.4999745019226211,
 0.49999218757495234,
 0.49998289931920337,
 0.4999996913806,
 0.49976888547678483,
 0.49999967461606587,
 0.4999926324898365,
 0.49999721880890885,
 0.499991819377163,
 0.4999958509071844,
 0.4999963014904355,
 0.4999734345786705,
 0.49999946815196045,
 0.4999945642717237,
 0.4999994686945564,
 0.4999879559797598,
 0.4999624514417389,
 0.49999993906424195,
 0.499985670063751,
 0.49999989846153237,
 0.4999992297398704,
 0.49999993990151126,
 0.4999999483861851,
 0.4999911671426535,
 0.49999979536746375,
 nan,
 0.49999284097190977,
 0.4999981206695084,
 0.49999803983088076,
 0.49999855858811126,
 0.49999964876445785,
 0.4999774185856261,
 0.4999997607388464,
 0.4999762921053005,
 0.4999995777560736,
 0.4999974344384383,
 0.4999927669637016,
 0.49999908316217023,
 0.4999989609662786,
 0.4999999748403182,
 0.49999461965221814,
 0.4999992458974645,
 0.4998557949807073,
 0.4999996722328546,
 0.4999903600624981,
 0.4999999671281463,
 0.49999145202475925,
 0.499994072490801,
 0.4999866901990959,
 0.4999984554115661,
 0.4999995493871974,
 0.49999980792162296,
 0.4999860072437915,
 0.49999977149994623,
 0.4999960859490954,
 0.4999984604214891,
 0.4999996845891657,
 0.49999548193772375,
 0.49999314971192177,
 0.4999984971615187,
 0.4999806427379175,
 0.49999516212346495,
 0.49999547565439023,
 0.49995259412834125,
 0.4999939489038858,
 -0.49986039492986595,
 0.4999952680319447,
 0.49999978760264463,
 0.49997112553320777,
 0.4999995670896387,
 0.49995173489504674,
 0.4999926348569732,
 0.4999995124110124,
 0.49999974263406544,
 0.4999928958809875,
 0.4999979993721703,
 0.4997362972300359,
 0.4999952885518024,
 0.49999046199621766,
 0.49998676052057406,
 0.49999554440559935,
 0.49269837996384397,
 0.4999932980877019,
 0.4999919696547562,
 0.499990499360543,
 0.49999978661289285,
 0.49999918476421584,
 0.4999970521771664,
 0.4999999392503366,
 0.4999388099914429,
 0.49995037505507134,
 0.4999998066866469,
 0.4999950729865746,
 0.49999962517940194,
 0.4999858062056271,
 0.4999552519851087,
 nan,
 0.49998798792453003,
 0.49999936774336007,
 0.49999962523263447,
 0.4999961417201327,
 0.49998984039369465,
 0.49988784543861264,
 0.4999965149052242,
 0.4999996756644316,
 0.4999836403942298,
 0.49999811919548953,
 0.4999902137241705,
 0.4999863316108477,
 0.49999994249892665,
 0.49999891346233266,
 0.49996112803656884,
 0.4999737665260838,
 0.4999996449450745,
 0.4999961176935166,
 0.4996000680305029,
 0.49999810868349936,
 0.49999954623457793,
 0.4999999424768589,
 0.4999992548834711,
 0.4999999507965548,
 0.4999972074963989,
 0.4998510189780396,
 0.4999990495630072,
 0.49999196150646047,
 0.49999971173516145,
 0.4999974199171413,
 0.49998521753739983,
 0.49998883534145583,
 0.49998748691653855,
 0.4999981212753176,
 0.49979924344498466,
 0.49999697424681433,
 0.49999989489127644,
 0.4999459665429802,
 0.4999996481808834,
 0.49999997611446956,
 0.49997891306216774,
 0.4998072643719306,
 0.49999547757846596,
 0.49999978373639836,
 0.49999985936391417,
 0.4999997825104738,
 0.4999994266352145,
 0.4999916789969762,
 0.4999696289778568,
 0.4999902570759503,
 0.4999677143825296,
 0.4999998240940525,
 0.49990219722531287,
 0.4999863746330897,
 0.4999988783159448,
 0.4999148337997981,
 0.4999973330669301,
 0.4999998040456184,
 0.4999996810393702,
 0.49999968545147866,
 0.49999087575387025,
 0.49999978592874184,
 0.4999870728221115,
 0.49998839140622753,
 0.49996723986729524,
 0.49998463579703967,
 0.49999223539357923,
 0.4999992541252211,
 0.4999996510269924,
 0.49173239895757126,
 0.49999715328190364,
 0.49998371514523404,
 0.49998519919697176,
 0.4999377636355634,
 0.49999991912538166,
 0.4999957208721868,
 0.49999993892175454,
 0.4994469320766035,
 0.4999435872538312,
 0.4999997680712163,
 0.4999998003520627,
 0.49994258464299196,
 0.4999939848508222,
 0.4999997233848526,
 0.4999947923174316,
 0.4999989232500032,
 0.4999999417561125,
 0.49999549325994475,
 0.4999988163067033,
 0.49999924600746803,
 0.49999965381385586,
 0.4999521338786022,
 0.4999958496696274,
 0.49999978248085386,
 0.49996551612559864,
 0.49996566133603954,
 0.4999880045597245,
 0.4999346547419395]